13962263870
15851625151
18862601827
18962245550
17506168461
13962208717
19906154325
13812983396
13773282951
17306165260
13776249326
15995998336
17782950937
18834355127
18952442538
13962270811
18721922840
18018114663
18051132682
16606253803
15250375891
15150232976
18751158567
13405290920
15895695887
18856272882
15851610360
13915707855
18112589179
13584447707
17136831109
13913614100
13402514793
18963695712
13962221192
13913602652
13368429090
15134148354
13915710461
15995982601
13584438534
13815293286
13962219235
18962284713
18086700019
13962251136
15151212007
13952449992
13013839040
13776274862
17625329586
13962282899
13584479568
13382131238
18913299176
15950954196
17751259510
13601565268
13773275840
15150239302
13952307323
13812986032
15255522730
13584468125
15513701911
15950949128
15962392860
13962461732
13862234029
13776277332
15314215540
13328032572
15062477500
13390830109
15895677848
13812870133
13773266310
13584437279
15240410369
18951130650
13806224660
13915692771
18136960719
18324581963
19951180239
13205134361
18136122663
13506222440
15850391397
15206240687
15250379058
18913605886
13405298820
18921991056
13962204561
13862204606
13921953069
13773222761
13812863425
15250359255
18915470065
13915460228
18994360921
15962358540
15150223462
13806222421
15151571789
18751181591
13952442087
18862462071
17625371191
15162335245
13921984315
13921968162
15962470886
13962293230
17751259862
15051718973
13962224320
18955536120
13915700373
13812062348
17715580193
15150233195
13701567011
13914913506
13913613832
15370350037
13962231316
18013623289
13057439370
13962460208
18551236067
18751158515
13962478315
13773287911
15962368515
13962246028
15962385803
13616245185
13862228985
13584475890
13776276723
18915711205
1596232476
17751189627
13739168018
18962256566
17311625468
15851649862
13812985348
13584476684
18015698693
13773294525
15851640975
18051838107
17715583205
18205066882
13584423228
18351699600
13776275586
15162366056
18652626183
13222059959
13801566579
13862208948
17339813908
18652843009
18051835187
18206247975
15062508485
13962455227
13776263041
13460287301
14752599462
13584433496
13921953036
13906244666
18962274761
18015476509
15950940277
18020233297
18537769101
13962259360
15262335798
15162327671
18962212326
15303943355
13913292040
15062501580
13721901021
13812858488
13776268660
13773288506
15636248800
18921989590
13776253122
15262302168
13584477229
15951186830
15516185520
13812855445
15250377580
13921987584
15150216152
13914918832
13962205355
18913651799
13915721457
13584462864
15262336852
15151595273
18962212517
13584448796
15151568982
18963691357
13913619773
18112681011
18137820144
13915728646
13962202417
15962367173
15151595681
13801562362
18994357748
17751271307
15751811225
13584487936
17772927165
15950951743
13921952042
13915691548
18962271180
18915729019
18095672370
13592553116
18168576333
13913609136
15162358664
13921991904
13913619595
13915710832
18962217129
13382138352
13862261099
13915685379
15862372676
18261865080
17351290786
15962351468
17603815812
13962213140
15862613824
15242313261
13295139845
15062470880
13584450261
13057193700
13706229006
13921952441
13906245331
18915698059
15962357580
15250386837
13962212536
13862217740
15150242077
13773299362
15836572928
18915682512
15601565789
15995999621
15895670397
13921993550
13773259624
13382133027
18549984686
18021289772
15895598438
13962242892
15862622832
18013636800
13862269104
15871748321
15951186276
15151596660
15162337892
13921997650
13914913348
13962254715
18036121502
13951136221
15962378651
18962212367
13962462832
13773266329
15151589358
15162356937
18385584202
13773265583
18136122879
13962270401
15250370515
13812993833
18013614076
13584490372
15995992699
15895694394
19962966996
18261731457
13962285849
15371225901
15150201600
14706260877
13962452580
17372579551
18001774335
13862225173
13913293271
13862260650
13962202456
17712675522
13773273213
15962386630
13962475115
15004592278
13962473975
17314825434
15062500464
13773256627
13915702774
15062504527
18796829984
13921960481
15895680427
17751255537
13962202412
13951110980
13862269638
13962219387
15150220751
13813643440
13962219491
13915677335
18261887374
13812860912
15862626643
18913611683
17351260150
13801566848
15962382629
13921952529
13606220071
15062476585
15862617298
18015520816
13815298865
15371868386
17372559090
18936123249
13962215290
13773254683
13773260550
13328036176
18013605192
18795578445
13914902020
13812843635
15895676031
15250350256
13915474032
17751181591
15262313894
13584470471
13962453227
15851612515
17311152920
13812851100
15895689868
15906241393
13962270212
15950952795
18015528706
13862239313
15062501623
13915476913
13862219194
13962218862
15962359235
18550235505
13866217786
13962202346
18913279179
15950970190
18994351281
18915472068
18751157121
18550238080
13357841152
13584478221
13584486732
18921986320
13601565295
13862235862
17502223505
13915728762
17351292976
15062514016
13776256313
13862230185
13921988971
15150206302
13815291579
18114600619
18018119759
18051845389
13186591879
18013608756
19906159996
13773277202
18206247719
15151529787
15962344104
13962453028
16606264418
15150235859
18962274065
18651121660
15151576563
18261856517
15006241751
15051715966
17768002650
13584441100
15962348820
18556936823
13584429122
15162365112
13962285083
13921977805
13584499313
13962222039
15895674198
13962269921
13915726801
13962294680
18094260380
13739160947
13913607155
15150243397
13584456155
13921978287
15995984509
13776251132
13862224407
15895696260
15950979932
15150210581
13862217171
15536335397
13915691497
17312168003
18706843293
13962239220
13584437021
13915688284
13182636710
17320360640
15162368085
15051701066
17351298807
15250385436
13584484268
15250371379
15051719602
13584456939
15150226769
13962466422
13812879315
15250390570
13962295201
13913616313
15250367576
15851637287
13584468833
15195690518
18021239306
15962398932
15162355011
15950952874
18549003615
13962211097
13616247726
18739160860
13584421151
18113698468
13773263881
15851605409
15151589772
15250368795
13914908255
17751153270
13372133487
16609024037
15962393439
13862205271
13962216580
13776268994
18795809558
13812999805
18921996139
18262696880
13915470185
13915723085
13921995903
13962290559
13921995061
13915690134
13915706886
15851628799
15162327753
18261887958
18021643032
17695436840
17351265553
13776246273
13962251894
15518709199
18606284722
13812864290
15851615803
13701561487
18915684709
18913297282
13776265052
15962348302
13776270247
13915702920
15806242529
13915688683
18921992513
18112752099
13358039052
13862238887
15951189254
13773264212
18962219915
18862641803
15950961003
13962470767
13812875010
15501635484
15162368090
13913608285
15051714931
15062505823
15062506348
18051876918
15051700848
13706132337
13812841450
13739168352
15862612562
15995988732
13773224904
13962260663
13776274658
13914914435
15151593280
13405602901
15062500616
13962232768
13914903363
18913296072
13862202400
18962265780
13776274986
13962286451
13915709004
13962252138
15062519163
13913666604
15370396650
13913291790
15051706719
15358892251
15895671600
13921994955
15162332123
18751158961
13776267174
13584486393
13182637878
13812859113
13962252443
13812836961
13915705061
13962211461
13862205290
13962475510
17351199753
15151579980
13921993932
15162353970
17339812388
13915728639
15962472583
15862622604
15062510955
13962468971
13776253536
15950950968
15501539327
13037213330
17312162108
15225403397
13773221054
18962250299
18051859899
18913602864
18013630156
13815298863
18362207280
13773298286
15051711509
13390835567
15062472766
13921982642
18015670136
13862214041
18914903790
15150224011
15370392081
13915683995
13862226121
15995982448
15162365098
13915677321
15850399326
13962478115
13962271086
13862226903
18018115930
13962295939
15962386779
18534962371
13584465171
18962467001
13584480905
13962203796
15150241760
19526598120
13584420548
15151575665
15501393960
18915694969
13921950138
17768062858
15950972113
13915723665
15358896538
13776244886
13584483075
18921955081
18913617587
18379740272
13962296499
18913600296
13962213942
13915691101
15151593607
13776249415
15851648021
18112602541
18921991029
13862234050
13962475115
17625296823
13915700354
13812857336
13962461650
15850393482
15052124798
13962293576
13962209773
13812993831
15851632327
15962385539
15862629816
15151597969
15150224645
18915470996
18914902378
17761927996
15062470644
15370799691
13584439399
13390838706
13770357551
13773258093
13913619302
15040853058
13616249561
15150204775
18213767372
13776244589
17751252578
13862219843
13915479828
18915700937
13405601821
13401470086
15995999152
13915710478
18625234817
17601463210
13915713848
13962245127
13915686754
13358036173
13921991013
15150211215
13739166982
15962395951
13862266929
18906241721
15370037573
13405608727
15962382909
13962226495
18962249369
13962470957
13951132420
17372575020
15006243451
13862618931
13913290260
13306248659
17372367061
13812874100
13862211589
13812848838
15995990935
13915711527
13584457717
15345242935
13962240645
15250362107
13915476192
15951181082
15150258304
15862618848
15051712696
15154773609
13601560526
18317063437
13584499532
13915475679
18994357129
15162359112
18013614941
13773298060
18752988653
18013616168
18862611913
15806247530
13812856350
15895684298
18363006933
15895591395
15150228208
13812862824
13773237207
15250369375
13584489053
13862205544
15895598037
13773245901
13812997952
13915463132
13915462001
13776269320
18796838680
13338679120
18118110705
13776257786
13739168155
15950952242
13616242620
18751182546
18001562939
13962466329
17768061218
15298800652
17358235979
13812857256
18915472177
13812856661
13773277172
15962356642
13915673168
15366251355
13915686776
15250383380
15062502802
18013292608
13921973909
13584483022
13773227415
19942080702
13862216636
18862461904
18915720259
15150212316
13862212900
15851635662
13921997872
15862617681
18962264464
15150222758
18915693705
17358239185
13921983003
15851608721
13815291770
18261852884
15950947660
15851616687
15151591751
18362206211
18625230118
13914900825
13616247007
15150238436
15151596757
13584465671
18862638688
13773255260
13776241352
18625133663
18615282116
13962218643
13773286638
15806247309
15162368486
13915690246
13338676623
18015685052
13141826981
15862629098
15962370814
18013600016
18021640053
18914911152
18118488652
18962275365
13962249635
13776266468
13921992323
15162353778
13962252826
18625130368
13812988597
15151585578
13921952093
13914917758
18001560118
15995986629
15851640858
17365438706
15851631803
13862222696
15051709270
13962275216
15995994282
17640695356
13301562809
13962470027
15950956442
18921962618
13773285880
15962368012
18962244302
15995992621
15951188873
17802611352
13915694202
15895680881
13951134015
18051840652
13701565906
15862613935
15851638981
13773232655
13962250869
18351692663
13812851920
15851620202
15862621895
17703701137
13915682252
18366669950
13962451916
15895698268
13962247236
13812866299
13921963064
13962479391
13915461362
13914914065
13962209726
15151572046
17854013983
18921991109
13915684349
15851625630
13601565049
13915729307
16651146880
13338677905
13921975003
13915701695
15962393162
15962390132
18015698861
13915708836
13773239381
15151564742
13962291581
13773287268
18962213531
13773246361
18962276995
18915473455
13584471803
15190481205
13301568641
13962206663
13806222903
13812842591
18951130631
13812878462
15851619990
18962450265
19951100720
13812998770
18913292090
15151575058
13915709862
15151585665
15962367774
13962266570
18862229030
15850395895
15106136173
13812988299
13915713224
18051875870
15501644006
15662622110
13584430500
15950973263
13701561859
13773266216
13812868826
18843153643
15851639426
18962479059
13862200366
13812982869
15150215894
13962270927
18662130662
18013632896
13584451368
13584433268
13812996211
15851616409
13451583161
15006242639
15366265779
15995987072
13203539874
15358481392
13862235191
13776241160
17715576739
15737837067
13773237369
15150246872
13912633945
13773262711
13921981864
18921994575
13701564908
13951132468
18021647902
13915711789
13806220299
18751185634
13606224320
13773262630
15962361811
13372135257
18694939028
15358890738
13962455077
13962466184
13962259123
13962223873
13734799046
13773240309
13951131210
13773282882
13862217626
15151585828
13921986637
18914919628
15151566935
13915677008
17768069893
13812862374
15851642653
15250395019
18051831653
18921973725
13692287478
13862215049
18962232119
13773240862
15950963319
13151578515
15951184100
13584425350
13915715031
15895675184
13962223520
18894012653
13921960539
13962264428
13812991004
13921999759
15162329252
13915716077
15150203070
13405299153
13776275028
15851622404
13773255156
18913608665
15895590944
13913616923
13913614502
13962213894
15150257172
13962216938
13382539752
18136770403
15151593381
15062477561
13812981886
15162351197
13913298931
15189773839
13773250141
13913603253
13584495772
18913291156
13776254391
15911468969
15962372711
13812855071
13921985108
18051838123
19951233117
18362215363
18469141657
15250388225
15707727950
15106245619
19975177866
13862266505
13773224228
17715585682
18924951906
15162368611
19951237523
13776271255
13913610795
13921996042
13776257194
13951135630
15062507386
13915709088
13962214092
15262337186
18962272896
15151562646
13921967030
15806244362
17706243905
18551188917
13584498286
15722608251
15051703567
15162326942
15110423839
13306247732
15206244128
15896506911
13921999428
15250395565
13584485125
17372815062
13921978458
13913608839
13812993227
19941960629
18021648285
15240416501
15062518832
15250309499
13812845285
13862232830
13601569610
13451585286
18914909016
13584421207
13962256852
18086709596
18883326681
15151598199
13913618210
18915713661
15950962122
15962391912
18606287855
15962361465
13773283101
18862468673
15051715159
13913619220
13915473496
13584456341
15895676261
13584422227
18751170213
18963692270
15995990595
18015521616
15150210312
13913617276
13951138459
18634222779
15162359108
13809081487
18751157765
15062505606
18914915899
13962465921
13962451713
15851621348
15862610809
15162355715
13616248206
13862210823
13962297141
18962204022
13962224860
15062501318
13921981260
18936122935
18291206097
13584475290
13338030191
13773221075
17635241120
13017109931
18013293489
13584449860
15851608829
17625427942
13812986817
18951130632
18962262706
13776249289
13656203190
13921962737
18921984906
13382131917
15895695536
15620455357
15722697157
15262334211
13962268964
13584488632
13915472477
13862263990
13584445221
18001561217
13773293987
15895670209
15895693923
17558737790
13584481295
13962296552
15951189269
15895684770
18915721538
13962294254
17751652885
13776247293
15151513230
13962222324
18112695553
13773262258
13962203516
13862237931
19962119571
13773560120
15962366918
15150227827
15162365091
15255095376
13962226065
17625738959
17351265036
18963695299
18094281110
13584421280
13064916736
15895475512
18694930697
15951188953
18921991726
13921987261
15151587268
13893023474
18962260727
18963697503
18921978065
18962473503
13153325860
15298816457
13572588675
13913299499
15862613700
15906245130
13915479327
13773278433
18094266136
13862261954
18136159209
13301568650
17719325292
18862472558
13862204883
17601304121
18261861726
17339815382
13962224635
17351252282
13812996616
18118113799
18662236206
13773242886
13584440815
13921991663
13773269306
13773285421
15161165091
18051835872
13773249680
13739169398
13773230433
13862267304
13584477202
13812873236
18551232002
13962214823
18262696660
13382537472
13333888349
13451572673
13584476927
13584428123
13915700548
13915472602
13151638602
18556920296
13913294092
13913606018
13912665229
13962222652
15962342259
13915698275
17312668085
15950965480
13812996401
18962453801
13506222983
13584464506
15995982004
18962253611
13914911247
13862216382
15950956317
13862206526
18962243771
18653715260
15962381074
13915686010
13402681357
13812852987
13915470390
18921953316
13915700718
13812856978
15006248340
13338675737
15851618269
15995998179
13338032093
15298835362
15150209861
18261881928
15262332779
13952448027
18962206300
15194107176
18796835610
13962201249
15262407581
15250375547
18913600926
18796835919
15862612880
13584432998
18921982796
13773287983
13913298734
13915722132
18962242701
18962298681
17605124188
13773281613
18051877004
18639273302
13862208914
18013638139
18153610003
18015675692
13776254230
18751181612
18112753111
18351701528
13338033336
15962350736
13776249066
13643665289
13773286932
18625230304
15150253177
13584433310
18952448032
13862235350
15720670662
13773263787
15962388568
13913617223
15051711211
13584469512
18094260066
19942087001
15962385671
13962245363
18260599527
15962479990
13812856830
13812852395
17701563619
13584452184
15962362527
13773290818
15062511212
13962236113
15951185976
13773238011
18896550365
15306248035
17851517976
15850396864
18651137986
18921985573
19951239090
18006246317
13338033975
13915461839
18751151208
18262699281
13921983355
13773288910
18952443291
15051703167
18915705865
15006241172
17775208331
13218131952
19951670954
13160135425
18751173021
18551187919
13584472445
13382531221
13052837397
15851622296
18051832659
15366267600
13584473239
18020235506
13962450795
17802611661
18921952756
15862622645
13739168146
18962292949
13914904290
15806247735
13958189694
13862234546
13584430898
15250354367
13812855351
13962266804
15950954460
13546461791
13584473880
17306162019
18205062781
17789429602
15162337830
18556966824
13962258251
18962254748
13773225977
15950952208
18724148845
15162348022
17351253631
15358897713
13915698573
15851601214
15906242259
18921976287
15951184465
13962250363
13862226241
15962398977
15895674856
13812851505
13451584841
15162341416
18020236103
18001569288
13951136535
15162357056
13962227813
13962262106
13862207803
13921980570
13962268845
13218466001
13862222846
13962233528
13584490131
18914067131
13812841899
18209454870
18112680992
13915472488
13952446906
13915728528
18872578551
15150216055
18915721763
15150209560
18913615918
15950966662
13739160684
13921977524
13405616233
13584460510
15950964558
15151591883
15895832087
13773265112
13962450512
13338033261
13962272014
18013298393
15162362662
13915729132
17358232969
15996965939
18962260993
13962243213
13914911290
13584431391
15162324141
18962280031
15262317458
13962257074
15262326765
18962219380
15851621573
15950979789
13921950919
15150205935
15950959836
13815295721
13921967587
13584441813
18921982657
13776278642
13773251413
15162320392
13956366909
15151575203
13921961471
13405299690
13914900332
13862222787
13962238390
13962454803
13812997439
13402524530
17351299901
13921980020
13962297691
18951138198
13739161822
13915473115
18914909802
18796823705
13812843942
15150243997
13584469326
13915696844
17635636589
18834165662
15995983564
15162361598
18719595792
18706245658
15735657748
13962271580
13776266918
15262325691
18921962710
15150257708
18015592386
13606220830
18921984019
15995990991
13921969683
15995990672
13773240519
13862219370
18013606149
13962453556
13773231350
18205056857
15051712010
13962299117
15151562237
13405297185
13773249116
18261871136
13405600223
18262600447
13862239829
15262323960
18962458102
18015677162
18921976645
13951138602
13862215839
17765030452
18094266719
18051876978
15042245185
13624296687
18351702204
15862620640
13812858480
15995996452
13506226119
13862217661
13338039879
13773261375
13179636270
18112693827
15151596656
18021267876
18261875180
19974913645
13382539779
15150229269
15151584804
18962284717
15851615113
15366257723
13812866281
15150250741
15106239595
15151576771
15150249025
18013634610
17851512690
13773274527
18015479759
13812980099
15951183109
15250372290
13812843906
18115515556
13921963142
13584490917
13773245007
18036125018
15162353391
18915688735
13913618632
13773225747
15862613605
13944230850
18862631899
13914908212
18013611769
13915722932
13915714157
13773257975
13812848315
13915696336
13962268662
13793720772
13773296568
13921958479
13616243892
18962250206
18013603206
15150248070
18751196682
13962460498
18962284060
13914905196
13962273899
18913613710
18013620108
18260570695
13915729787
13812866892
13739169507
15250370621
17751208501
15150251896
18962288987
13776242025
15951183354
18751171119
17761875675
13914911815
18962275023
15962353692
15724389089
18915699126
13812874280
13815292915
18261876798
15162353269
13806221409
13584499358
13913601733
13584479573
15895687312
15951182985
15150256039
13328037912
15150249965
13951138755
15150253885
13776268461
15851606272
18206243616
15851609832
13921974719
13915476086
18550100563
18896505315
17312163152
15370353396
13962296130
13962272411
15950950212
18018156329
15962385115
15151571005
17374712316
15150200486
18063299195
17725023846
18913750800
13506225021
17751128815
15962363071
15890567811
13205131668
17312165831
13921965979
13862212199
13546512677
13962451502
13451587175
15962349562
18913618411
15062519792
18751185080
13584463996
18900672714
18751174301
19941968139
15951184277
18636003738
15962241405
13915705456
13901563243
13584458835
15951185787
13812857359
13914908032
15582688251
13962288207
13776255581
13962455395
13921992930
13862200044
18921982717
1732560095
13913610072
13222647742
13063837626
13057432832
13921962930
18013291867
13776266932
15262322532
13584437235
13962233455
18018115815
15862613774
18013290032
17372576136
18306242059
13773245604
13962470271
13773220686
15851610925
13962250942
18913600687
18796833552
15851621568
13584448102
13812982121
17751199808
13837917642
15162354790
18796832638
17366045589
18106221501
13584482746
15962472059
15851611478
13601569713
13915709778
18694921908
13915477494
13773253326
18261871091
15950972292
13913612664
18036126152
15162349860
15371810589
13962205823
15151592838
13962471740
17327241391
15851638016
13301560004
15851618801
13962466522
18020235076
18862609082
18013626575
13862206391
15051704648
15370385381
18915685039
13921977491
13962451270
18662236892
13913619644
15951183205
13962238953
18015681298
17751190581
15262325392
13382139880
15151595980
13776249396
13915683213
18921953856
13703584399
18112759682
13773276785
15151570582
15950958476
18915721726
15851606039
13915464375
13739164251
19951238105
15851616533
17701568820
13913601764
13773290798
15150245705
18015476959
13773258105
15962396392
13812986845
18751188233
15501632882
17625350670
13915473501
18914902656
17751207973
18921952797
13773227130
13962284710
18751163110
18962241989
18018111895
13862234250
13915718297
13701568735
15370372580
15062511108
13778174701
17751196662
17715582979
18362207363
18051831605
15370350506
13301561160
13584458968
17372580106
13962262032
13606224304
13405606311
18915697076
15151569114
13812849636
13358037779
13358032945
15851643817
13913601602
13052839976
13405295663
13776254170
15262332906
13962215175
18901561290
13921985921
18118488689
13776258173
13915696600
13915727464
13921998251
13915705036
17625739742
13921956622
18915460730
13962242477
15250368969
17802611223
15862627003
15370399291
17339811118
18036123844
13962209152
18089432355
15862620529
18915724270
18921995061
15862619807
15150223233
15151567981
18915682381
13962299379
18913609068
18855535859
18013635723
17751180106
17312721093
15370395926
13776268988
13812862604
13921997687
15906246676
18362218966
18130426282
13451588365
19834534398
13862269877
15951187148
13951136629
18770997216
13862236475
13913618168
13773291504
18751178578
13952448242
15850397158
15306245300
15962349339
13913613842
17625319098
13962230181
13306249520
15150213203
13382536115
13372135629
13921996265
18915789807
13706229423
15162323680
18751155196
15366269089
19941902791
15150215425
13862207886
13915722529
15962361160
13812848034
13601560376
13893083246
17768066055
18762422282
17351257517
13773237121
13092636091
18912281215
18962519893
15668132566
13776253132
13194765607
18914992886
15150221334
13773288846
13962232879
15250351766
15862617360
15722699337
13773239937
13962459919
15262318226
15162360722
15851638116
13773241371
15370382239
13962264581
18387481041
13259776684
15950950460
18334761601
18015524023
13962475717
18951131038
18013293502
18261855272
13921961842
15951189621
18662130981
13962225449
15851622640
17506174022
15895688863
15051701671
15895681400
15225582236
17681026369
15906242133
13913605615
15895690966
13812879020
13962457326
13962285279
15851634736
18018152915
13382131192
13921984685
18013633926
13962265880
13506221287
13913616796
13962463932
13962229423
13116950298
15895590723
13584459810
15151587166
13921985408
13701562439
13915679121
15150232780
13776264292
15366250075
15358892167
13962453604
15851610573
15150240645
18962257718
15103393701
15262317616
15150211389
13773279846
15150235493
13862263832
13915713121
13962259426
13862204334
18962255726
13405298133
17751185972
18915472275
18506112072
18205055557
18351701986
15851609030
15370399987
15851633218
13812999140
15151584168
13862217148
13962217565
13921996693
18114601807
18211939117
13815295396
15262316941
13915672069
13913613329
13962459196
13921974372
13584420233
13601566841
13773237741
15151578468
15950961817
15851621012
13921956384
13405299365
18136125306
15851637561
18915697326
13913613718
13921956416
13584446602
13306241626
17601599994
15950968641
17802611696
13773242326
18006245863
15062516350
13812846682
15962385787
15906241312
15250681697
18921992030
15720671610
13962269885
13584499620
13914915055
13962276296
13773257230
19906151610
13915703125
13962472529
18051853221
15962351584
13915469503
13962259601
15174194722
15262308565
18921977056
13862222141
13773280239
18013607385
13401476648
18051876806
17751186804
13405296132
15150254265
17768060814
13812850531
18962259155
15851610259
13812850275
13584432791
13915686125
13921992916
15301569514
13812862394
15162355820
18296009175
18915670733
15094442864
13382537732
15262332982
13915698335
13915717805
18751152223
18913291951
15735656643
13915699438
18662637223
15962378334
18962202522
13913612964
17372653500
13092630669
13812867661
15962346330
13962455559
13862262661
13306246180
13915717891
15962355560
18018114388
13773240141
13962227509
18018107179
13962214610
13405611986
15851616797
13915474257
18962469316
13962236723
13218137296
13962277612
15962386610
13921989663
18013292279
15011717268
1578313242
15051718089
15162326578
15370380002
15983866816
18921987077
13962200733
13915711127
15950944051
18262028281
15501647782
18266257492
13812843976
18915472580
15895683977
13773273233
18015672873
13962255577
18962239632
15950948979
13815290083
13601563211
13584425332
13962284230
13584481594
13301567450
15895594161
13812868831
13601562136
13812869140
18901562011
15262335117
15162339890
18915690727
18751158868
13862215359
15851632700
13952443562
18936127811
15995996821
13962236675
18913297746
13776241093
13915699960
13962287773
15851614773
13921960219
13616245626
15262337127
13962204851
18862220947
13382135319
18013626831
15370366817
13952449686
15851639182
18901561316
13773270385
13701565762
18913607789
15851623303
13812995033
17351276150
13921952196
15062516656
15722697375
13776260802
13812864278
18021609625
13952445862
18015682076
18921985335
18086707386
17701569389
15162363378
13962200463
13862264258
13914909594
15151573439
15962396483
13962268510
15150245160
13915721238
18086705526
15851636478
13962471708
13812854355
13706229479
13301568270
13921963040
15062511522
15162326206
18915713956
13962254697
18915710621
15150223735
15162361203
13921956795
13913618430
13776264321
18168981930
15062517269
13401479133
13584497242
15298815830
18962221591
13915465724
15062508839
18856799193
13921992708
18506241088
17715548323
13862218677
13773269017
15150259121
15162349875
15150236336
15895472960
13913293196
15262307877
15962392258
15862626900
13915724752
13773247728
15850397829
13962213211
18913290379
15895696489
18551237029
15150203146
15006736234
18994351603
18020236693
13915692609
18921981369
18962239495
13812852135
15895694621
18862220936
13862212301
18051879875
13915698280
15150225878
15862619929
15962356192
18915685036
13962266052
15562209520
15895592040
13915708545
13914919828
13776258522
18921976037
13962207621
15250379925
13915703812
15694147662
19941902763
13382538675
13801561582
18763211117
18013618926
15851616985
13915466706
18205069177
17768068242
13776246856
15151594693
13773265655
13063731326
15895590244
15250395192
15851611419
13952443115
15895597084
15250390083
17016641060
13584466888
13616248976
13962200172
18951130163
18266002515
18751791165
13812872960
13063836286
13584491008
15755924845
13776249109
13915676972
15506131235
15365388516
18662633602
13584461630
15162366616
13962475859
15062504241
13915469930
13962479416
15896810570
15851626386
13806226286
18556830758
15995999951
18013605100
18651136326
15950945762
18205059202
17085113817
18051137506
15301565919
13913613971
13914910905
15851627626
18015526733
15895684985
15950950551
15250369685
13806225468
13812861620
13962235720
18901562166
13913609898
18962246556
13776249759
13914907044
17365382113
18915722672
19906154551
15366266345
18962210893
18015525062
18915707906
18112553973
13812872997
15162359535
17712487716
13584462123
18913170051
18015520665
15035131568
13382131607
15950955801
13962211545
15162347075
17751198073
15951182116
18550585271
13358036772
15370399971
13962237215
18363259546
15995992100
18112684686
17358233937
13812997288
18856266931
13862235973
18151962175
15962357779
15995989225
18261887234
13382531271
18261870920
15962478658
13616246665
13913612613
15848675081
13962242901
18086707867
15862617377
13584420519
15151589299
15962391209
15162359872
15950953320
13862205166
15895596923
15206247465
18862649776
13773282572
15051700862
13914907670
18915720535
13962208509
13776263168
13914901891
13914912031
13962250647
15051717159
13914902139
18962260339
13812853174
15051703951
15950940973
13862239311
13606224652
15851617628
18314785548
15056307493
18962259201
18994358832
13773287504
1358442730
13952440469
18915676820
15262331832
18914919177
13862235675
18021646117
13812845889
13606222719
17312550623
13739160132
18013616078
15051702685
13584487910
13812846852
13776249801
18994351887
13862209123
13773297275
15262311895
18862678157
13862214838
15950942260
13295132181
13584472721
15995995659
15370354382
13962289044
17351260519
15366251857
18403552481
15962375152
13773247085
19984811062
15062500350
15250362423
15161760636
13962234486
13812980797
13914908722
18205066099
13773269013
15962393312
13616246820
15250376117
13915468113
13915724544
18751191929
18468261435
13915695623
13921965667
13862225184
13914905688
15262315161
13962723924
13915719732
15962383089
15850394239
15162351766
13525724013
15962346109
13584460072
13962233541
13913291696
13773242919
13584422621
18915683801
13962219450
13773220589
18915676084
13915696281
15962386050
18051872638
13301568395
13773267155
15015480030
13962280399
13773232802
13962228016
13616241380
15851632585
13915727055
13773289963
15151581004
18952445386
15950961367
13773243816
13921969387
13812879291
13773239975
13584426875
13815299913
13506225126
13915461901
13773274786
13451571400
13962479114
15962951325
15370382279
15962372447
18015690710
16651180813
13915693849
15298815613
13862235212
13773285056
13301569749
15895682607
13773246928
18867267953
19906153660
13962459273
13915699932
13815290237
15851624505
18915727190
13914905122
18915692629
13914915386
15895685890
18120083668
13921996186
15692395577
13962468191
13673945080
15051702948
15162339926
13773229732
17798676956
18962296375
15268910586
18654776207
13006393359
15162347631
18051749930
13921981047
13584425805
13812866116
18862225950
15851608067
13913611710
15062512348
13776254829
18915701031
13914900551
13862228512
15150219690
13862214218
13584458502
13915716620
13962271435
15962354110
13862225803
13915698465
15850397600
13584465207
15162332871
13358039213
13921967910
15851637256
13921979473
19984834979
15962340626
18051844385
13806224918
13606224225
13773264159
13862208257
13914913682
18261857485
13921990216
15950941682
18015524303
13815293025
15151591609
13913613423
17751252758
13962271615
18262695963
13151659983
18951139103
15150212956
13921961821
15862614331
18051130807
13773227189
18962220371
13584476983
13915715517
15950943362
15895678401
17802616852
13701565921
13862200664
18913618038
15850228850
15862619471
13812999409
15851617902
15262309080
18921968016
13812872713
13915708996
15851647545
13405618705
13776243662
18962226723
13962461934
13773286167
13812840586
17358233526
13962227917
18993535700
13862232113
18013632611
17312161330
13777322508
15962373162
18921973875
15851616626
13913600466
16651194249
15298813774
13382532609
18626139310
17636018480
13584456962
19955504384
15962392950
15150215521
18901564113
15995991405
15951183159
18913601966
13962232831
13915720701
17372630602
13773228806
15950947912
15370397819
13913290921
13962280856
13962285072
18962247253
13616242047
13962289031
15150233836
13584468124
18921993091
18751150353
17601445381
13921953926
17368027920
18625216692
13962276016
13776265481
13773221007
15962352721
15851641020
18051841609
13915705406
18013297789
18294465784
13915717108
15366268789
13584488262
15151565712
15930510190
15370373852
15862688471
13962254505
18862646276
15851603252
15162338086
13773276343
15051704088
17339815196
13962294658
13915462138
13812984082
15534000325
17809167806
13812843141
13455992635
13776264070
15366252836
18013604383
13921970047
18013614886
15162331506
13218465220
17351258506
15851613529
13372134653
13915706697
15962477077
15162326297
18962245696
18796821976
15306243484
13921981480
18921996082
15358833918
13915461215
13862218994
17393199306
13962250284
13773257633
15806249520
13963294209
13962223299
13962232025
18118486823
13862215697
13915685503
13601565322
13962288253
13921996531
13862204063
13405610191
13915727494
18915727809
18013612717
18914918061
17715170610
13915715816
18015695126
13962284803
13913604784
18094287390
15851648510
18915712906
15895698146
13773239594
15851625181
18751155567
13584454430
13962257912
13962296449
13160131040
13584439193
13921957064
15250366498
18751184780
15150208036
13921980882
13815298044
15962396112
18751154089
15934914555
13962243299
15962348852
13812849162
15262310133
18962275132
13915716190
13405608168
15850099830
18913615123
15162333612
13915686725
13962236210
13812853243
13962227255
15996037571
13812878958
15162335020
18962210542
13921979687
13812867286
13915708727
13921997116
15370361535
18896528013
17798619001
13901563125
18051877099
13921970254
18724142598
17312558650
13952441285
15851628645
13921973199
15962388258
13584448505
13812863959
13962479449
13862227259
15950948945
13584437425
13623649012
13776277510
13401473904
17311168881
13584438045
15962356826
15962348185
18112680196
18915689188
13862212976
13739166559
15950963581
18006249097
13915695106
13103677876
15262327044
18395566055
13962465286
13915470531
15162357500
18862390951
13776270181
13951139160
15151571052
18086709121
15150252929
13812853740
13962451468
13584430020
18013634929
18625230379
13862206816
15895474132
15150206365
18013607955
13812995689
13584426323
18994350281
13584480276
18001565615
13773112029
13921957336
18921998303
18383528959
18719787089
13862225464
15366269386
15358891059
13921986857
13773272239
13584432160
15895679034
18651128993
13962256250
13913618380
13915682962
13915670805
13921972836
17305269569
15951186785
13815298638
13773262263
13776275086
13821983294
18921966772
18913297439
13776258695
13812865506
15950942189
13962231473
13962266469
13915724980
15370354996
18013633310
13921974359
15150241611
17306167725
13505283462
13451588619
13962462710
15950053028
15358428488
15895682190
13921990643
13962274996
13962285131
15370351330
13862222916
13962242611
13862230161
15051702160
18962457068
13913613215
15370397232
15162341039
15162353916
18036126052
17585879432
15151593682
13915693400
15370372582
15851637592
13915706371
13584455786
13812876616
13584451665
15162326027
18962282362
13776243278
15051718894
15906244070
15262303210
13306247009
15962374112
15895679624
18962298059
15162368527
13913615757
18913603585
13915723515
15850397235
13962227595
13451582771
15151593180
18915725681
13584421825
13862016484
18013616095
18913291716
15250392710
15370357162
13915675477
13706222382
15151567625
13776278026
13913610327
13405291289
15162366692
13962262142
13921954111
15062509053
13382534772
15393440397
18018159520
18962209087
13921958906
15358893618
18751179119
18962250268
18086708022
13815297623
13584476710
15995993515
13776272422
15162339014
18914900620
15162356779
18018115120
18206240708
15262326152
13453657358
15250390672
13776245040
18051833280
15162351320
13358035363
15262325751
13962220237
18234291562
13962226015
17715172554
18751157225
13773248793
18036918528
13962209276
13739166521
18551243279
15370100440
13616240352
13812846131
13921981321
13773285113
13915725538
13921980639
15962376876
13915712652
13914911889
13962224997
18306247063
18261860644
13402518516
15962478051
13962222459
13962236640
18001563447
13962248978
15951186243
15062475698
18962217803
15162357710
18914915691
18015695527
13601565824
18962260615
15301562237
13776268515
15962386249
15370016777
15250359031
13812876631
18112687927
18363386933
13921971305
13921998641
13739167215
13962204859
13328032969
13815296265
15851933275
13584433728
17312669116
13773295867
18914909835
15962389659
18052780015
13584482210
18306247013
18551247508
13584960926
13921997779
13951132552
13914912580
13962227624
18962296173
18645779615
13584422512
13812872385
13962209437
15150243727
18021233621
18862672566
17751259282
13063835548
13773261296
15851600553
18751186910
13915691767
13092636003
15162340635
18962279590
15962366569
15895594014
11826187045
15162320470
18015689237
18261662890
15862623532
18006248526
13776252349
15287071747
18915700709
13862214271
15150275856
13584490389
13584490389
13862229868
18962250255
13812985851
13739164942
18015525166
18018150253
13921991765
13773290978
15962383175
13921971084
13921971084
15895593508
17751181016
18962219691
13776242715
13862236669
13921991626
15250353769
15250558483
18136125369
18921977036
13962298525
18550107044
18962468203
13862209804
15962357115
15962368671
13862219593
13773279313
18112693089
13405605501
13862215776
13063837229
13773283249
15962396061
13584430286
13372144121
15051700521
13773231096
15995982695
15366250263
18051877135
13739161270
18936126901
13812872105
13962478572
15151566529
17625678046
18862229545
13776265857
18962459735
13921986480
18962273659
13776247128
18862228245
13913296979
13962214309
18013176686
15162339195
13913298586
17852254252
13382133887
15995982114
15062518938
17852646245
18051876466
15851631529
15370379969
15851632609
15995995161
13921970374
15348004504
18020232927
13606221686
15298484480
13739165259
13812855391
13915462631
18734189079
13773272408
13815299829
15895596100
18962215093
13601560769
13915478193
13915723081
13862223806
18118485393
18671729441
13584415534
13915723614
13962450046
18015524560
15051717870
13773265730
18915675110
18709208422
18260701155
13962246083
13962296744
17351464759
15950968749
13862224668
13182632579
13812862193
18051524067
15895691913
15370359686
13773254085
13812842986
18951138735
13921999601
18921975908
15951188582
15162357364
18136127221
13921986042
13773294772
15962343972
13862264247
18936123553
15150252322
13306252352
18094269998
13606228126
18921975237
13776254603
13584467856
13921988974
13584472408
15851600935
17715177122
18351700810
15751810790
13962224539
13601566195
19951239295
17372566799
15850396821
15162359551
13962251433
18261872981
18914901022
13812854063
13862268852
13584442502
15995998848
18015690779
15995984701
15250399335
13921986794
18200260272
15250371321
13812841022
13584460068
13862200682
15851631384
17312558550
13043619701
17751290734
13862238970
13776257318
13921977115
15895690640
13862231064
15850391101
18751191930
18963697570
13862217519
18205055355
18915725956
13776242974
18018155144
17351257369
13773239018
13962210429
13405610108
18351711860
15037985011
13584477052
13401478535
18662632905
15851640835
13915680169
13914906503
17751257899
15951183680
15851622647
15151577271
13773239615
13405611728
13915461465
18751193498
13773263265
13812995204
13584432636
13915696730
18001566269
18051835171
18962296900
13962277381
18962291032
13776251843
17372571107
15962392751
13913604147
19942087850
13584452007
18247259094
13773230183
13773284656
18051855737
15150210807
13915690801
13776265261
15250389179
13338038936
13773280103
13962479294
15950953490
15150225848
15250399631
18963696036
18015689539
15950956004
17661920634
13773297105
13862268692
13962235017
13451578723
13915690946
13915723241
18921970060
13921984806
18962233956
13776260854
15851649623
18952443602
13616246880
17751193329
18351707628
13776252480
13776249755
13962234176
18913728739
13584435162
13921958926
15995996305
15895672115
13915713284
13506225025
15151566324
13862205720
13584452896
18913601618
13962293850
13584462270
13962457837
18862660569
13962234971
13812871402
15536602440
15851619936
18913612717
18334546575
13706226241
13151199719
15850397437
15895475591
18962225771
15951114891
15506288118
13915685141
15851612695
15250392606
15370373033
13962279369
13915719552
17625618320
13862223297
13921963877
13776263218
15250393679
13812846851
18205068295
15307074276
18362213742
13584481501
15062508786
13962466511
18962233266
13962268367
13584478900
13584498216
13915724808
15962471280
15151597896
18915470555
13921984365
15962389286
13915718180
18915720780
15250385123
18994356180
15862623587
15250355263
13739163648
13913295725
18694932746
13806221207
13914911307
15862613775
15262304495
13812997384
13773228273
18862471064
13584499565
18362213345
13921975903
13862230452
13913298243
13862211519
13776266642
18013620237
15962383060
15062501025
15962394023
13812849975
18086708023
13773277729
15262304928
13913295016
13584480585
15150233638
13962298476
13812982472
18136121985
19906154671
18913606526
13862238113
15162359135
15962390235
13962287646
18051843689
18018115720
13601565607
13773254500
15950947511
18334761544
13773278252
18013633181
15950970699
13862212406
13451576376
13914911499
15162338329
18915712581
13962224928
18015522578
15035307676
13773294866
15950966877
13921999868
15110516808
18915692175
18913291326
13921984182
13773247837
18437916095
18261886645
13815290820
15151595754
17671142937
15162368156
13915473657
15151564726
15851602460
18506150539
18015674275
15151599536
15895683858
15862628955
13913613730
15162361025
15162343093
13776255314
18914901927
13962222471
15995996910
13915697297
13773251659
13584450282
13815292257
13962290991
15851615035
18751179023
13773279332
13914911949
17761073205
13372139316
13773273536
13921950480
13962271266
13773272759
15851639520
15151561132
18913290278
13962282371
13862144431
15370751859
13584421892
15262312676
13773261600
13812852250
13584435309
18013621891
13921966156
13382137162
13913604952
13915686896
18915696280
18112604902
18068040591
13776245216
17751255189
15881666150
13063830758
18751175397
18962248106
13584420736
15850396730
17751197457
13915476726
13584264919
13921961091
15851600820
15366259132
13358038504
13914916057
18921992957
13773220220
18051861838
13773232979
18106238936
15806245003
13372137389
13776246045
13962236336
18094286676
18915473629
13584424835
13862204702
13862213410
18751179806
15850394717
13773253226
15851635889
13862228604
13352576000
17351261687
15895685303
17640699683
17351177181
15151582907
15250392391
15151582917
13921984096
18362207599
13921954412
15962375120
18962218307
15851631502
13862224125
13382137661
13405296278
13862216963
13073332013
13773246730
13962270342
15151590965
13812842123
13812849190
13962253082
13773281519
15306243025
13951138643
13921997441
18606287174
15255828002
13913611377
13776250998
15951185126
18921993568
13812844092
18018151637
13862234819
15370384689
15995999317
13701566092
15162351663
13914902981
13921966332
13773260298
18962205809
18962465989
17751185292
13773269153
15151563206
18751184829
15162358812
13962219804
13951131696
19984769089
15162368584
13506222910
13701566479
18921970650
13962236612
13913291360
18013620578
13915680587
13801566498
13739175123
13862224601
17802611213
13013831957
13372137175
13962224556
19825195323
15366268956
13773284057
17312161857
15850393623
13584420302
13915695162
15051704591
15862625028
13962268252
13773248220
13338039510
13962298713
18086704101
15551605144
13921961130
18020239269
13773268905
15306244698
18963693251
18261874066
13584479418
15851606931
13913611296
19951341582
17802617372
15962362102
18913609653
18168960801
13921950325
15950952529
13584468720
15261126527
13915703933
13915706242
13962225336
19941919730
18015521613
13584456025
13962239845
18862603296
13962359721
15895670184
18506151594
13962452320
15906241352
17351295268
13338677252
18751192027
18852862699
13913608647
18921979332
15895598739
18015477860
17802611629
13915462106
15098289618
13773292414
13913604445
15950957250
17712694119
13301560036
18018119902
15150214435
13952448219
15051706707
13358038094
13962251034
13616248566
13584452363
13773269224
13812876295
18862227109
15950952269
15950955354
13921957560
13806221920
13812858219
13301560572
17730848209
17761873669
13773268588
13915673051
13952446159
13038085790
15370375037
15375400147
13962251601
18018117953
18751158907
15250372316
13584443351
15851646855
15250381171
13906245492
13962291745
15851616957
13921976833
13862238661
13862219451
13601567692
13732623019
13584443575
15962345701
13915681157
15950967871
13913604923
13962224659
13506229125
13812857757
13962232217
13962299354
13962478469
15962388805
17365371859
13962246682
13952448156
13812996273
15162369786
15995995682
13776243539
13708781901
13584438305
13773228116
13962473262
17372656109
13921963103
13812996989
15950946421
13913604404
13921960471
13962203235
13776274257
15151659476
13962231353
15262316861
13773269085
13773298282
13915709821
13921966631
19951236465
13812869448
18351706725
13862225950
13962284516
13962278917
15262661016
18951139313
18112665726
15850398660
13405610627
18751181923
17306169870
18018119070
15995993132
18751182175
13951136021
15301565072
13915701181
15895684495
13962281816
13915704040
15151597220
13815290671
15730021450
18112375210
13962231214
13962286562
18452791682
15250353100
17185230296
13962226512
13584422434
15951184126
13584484115
13584452212
13962257669
13862233845
15950962470
18362212769
13915700591
13862234031
15062510636
15951183180
13773240338
13584484966
13776263773
13389545759
17351260336
17679419820
18962252719
13382134565
13584460856
19951182757
15362357789
15962389567
18921997176
15206246758
15962376820
13915463810
18921986320
13914915515
15862573635
17606161427
15851605625
13773268816
13776242876
15951186795
18106218858
13812854155
15162362707
13915695059
15306248080
13915479802
18761812572
15162338828
13914904421
13915677835
18915678987
15162336865
13951132423
15862610730
13921983958
13739161905
15250367582
18261201383
13962214025
19942089826
15950979476
13773261001
13773269591
18114362215
18662231069
15358423772
18112753833
13913601449
13773228559
13584468112
13862262933
15962381892
18351709767
13962250395
13962232829
17802617329
13962270917
13451576615
18862661775
15995991174
13521201075
18751177805
15862611584
13913596653
15250355927
13862223486
13812868603
17339815393
15751811151
13382132615
18112682680
18952446051
15769357871
18051830627
18913619302
17389587630
18013600601
13913605910
13773235209
15151562858
13601560366
18626249510
15370351789
18205052979
13773250134
13338037312
18915720003
13485766511
15851633016
18006244921
13962228639
15006241644
13921981381
15151570872
13584482125
13812866004
13862213831
18862572215
13338030521
13913294889
18013699208
15950971713
13773290108
15962340914
13584436093
18261862412
17715177840
13338039313
15150235579
13862213386
13776277986
13893400386
15006245021
15250379185
15150216238
15995983779
13962459971
13812876149
18136127223
18962263102
13921970271
15962352914
15903385767
13962259719
15151568406
13915476535
13962273498
17300581057
18353866120
18205052058
18962457006
15906245606
18914905592
13773243293
18915715069
17802611185
13812844401
13915704689
18915696119
13584498955
15250393128
17625620373
13915685371
18962294063
13812856533
13915686827
18915695081
15150224827
18863163458
18100686386
17372559035
13921976674
13962231834
15906241652
18914915127
17186395022
13962469580
15151586419
15162366703
13962240174
18962291571
15951183110
15150236791
15162332306
18015478919
15950979859
13962290251
13915702603
13962459044
13773265371
13915465062
15150233022
15162367213
15262332102
15851629042
15850395569
13962293507
13776251057
13401478831
18205057565
15150228380
13915711352
13915704324
13862260391
18962461651
15366536910
13919402312
18962258908
13773234051
15162349970
13921980815
19951554731
15250361992
15895686911
13962272979
18951139586
15358428815
15206240655
13812857551
18118239330
18962276531
13962282023
13776241029
15262312637
13773276224
18015525376
15162342230
18913290535
15298811338
15151742455
18962477536
18962260353
18796830778
13151499892
18962219199
13812984833
13921976760
13301560057
15763776957
13390707873
15751810736
15851603049
15962371806
15962397210
18094263365
13962283713
15250369939
13962249110
18516643617
13771858047
18362201708
15895683966
13806221582
13032532313
18018117271
13915680159
18550132188
13862266350
15151563926
13913619659
13739162276
13451578010
13156519303
13862205262
15523309086
13584451683
15950946953
17715172055
18662594538
15950961969
13962248903
18013291042
13372136335
13862229487
18915558998
13773241478
15895592529
13601567960
13773242809
15895471948
18015477287
18751184558
18015672205
15370395021
13862268123
15150220315
13812868576
13915673428
18361409226
15962357460
15851609028
18914910277
18852921933
13812997290
18362216955
18051131916
13773285431
13921953924
13773223404
13862209497
15621329932
18220831803
15370351200
13962465998
18862237159
13584480032
13584488155
13812983352
18094272931
18406405901
13915719642
13773254454
15906242387
13616247628
18737909563
13773224232
13915684582
15062470090
13962242739
13773222933
13962266113
18751165576
13962284935
18962252097
15151581287
13776267568
15851610440
13962268816
13776014150
13962463758
13815294998
18086700616
13773296698
18796821699
15862610793
13921984731
13915716230
18952449173
13962243871
13773247179
15962390873
13962271923
18362215778
13962265408
13962229042
13773234291
13196244872
15962389682
18719721035
15851636169
13952448748
18094284090
15250395306
13962256019
13914916829
13812989893
13962221075
15385385856
15962382214
13773222138
13962473271
13773237901
18287078627
18419145793
13584480400
13812859407
15862613706
15962367984
18015674553
18051876930
15862629764
15895695616
13063838866
18921973963
13962227515
13773289868
15862618257
13862231056
13921971725
13815859629
18015691909
13812851253
15206247220
18215334985
15995981416
13773264611
18051836881
13921988347
15150212694
15262329703
18287639092
13301566005
18012631103
13773291206
13812997206
18962224937
13962254173
13812989068
13952423221
13962454698
15862611565
13390832663
13812860920
15962470866
15250386327
15962357097
15262337286
13921985462
13915700973
15950961250
13862261650
13776268010
15950966140
15862614760
13921951808
15506286076
15151578658
15206209976
15895476197
17887209053
18235182265
15262721171
18962225017
13913611653
15962345508
15851611623
18018114639
18013695521
13739166224
18468219145
13914907128
15851608153
18962217901
13921995655
13584424046
18962225071
13962230771
13815292140
15370391681
18951131599
13962281947
13862264865
13013834690
18051841367
13773253146
13915720676
13913605557
18913293870
18936128829
15162359739
17186393060
13962238661
18118110430
15306256980
18962208589
18913604307
13776267829
18895357664
18962239532
13812845426
13921987885
15950958147
15150207430
18625132584
15150246139
13862226369
18013620578
15950961685
13584450211
18751191030
18914920446
18118489032
13701567532
13812849692
15187121200
18963697809
13862208657
13584487468
18021235183
13662207095
15151591289
18662631813
15950977055
13812860221
15051712072
13812867879
13812878732
15150251487
15076552614
18651129916
18651129916
13962293955
13862234205
13862262418
13405255751
15062518360
15962398509
13913611885
13862237446
15895595255
18994356212
13962274393
13962476094
13584467822
13915472746
18962290150
13773234399
15962394208
18856239127
13921961460
13962229465
13773248373
18962249858
18913293256
18963692693
13812879216
15051700506
18021649626
15151596128
13773257144
15262099889
15850390989
19815885220
13913612396
18013636385
13584470367
15162341917
13962263834
15851621054
13812846731
18915707709
15995981004
13285461580
13773259941
13921956476
18862471653
13773255056
15222970969
13812980605
15262335257
13812868004
15250393926
15962353021
13776274170
18755531230
17768063310
13962235297
13952443181
15162339714
15962369793
19952793307
18013611380
18112660236
13584469209
15051700691
15051708213
18913245342
18435698489
18915461953
13773238980
18921991689
13915463138
15962378143
15150225010
13962473113
13862222839
13812876570
17372811527
13773246317
15851613013
13739162442
13182121520
13962213380
15151560990
15895695722
13913618305
15150247081
13921983466
15962340271
15962386208
13921976621
13773286709
13773273578
13584456156
13914905701
15162321275
18962226286
13962453266
15651466957
13260600391
15995993806
13301569896
15895479063
13775870043
13915678801
18913715156
15162327065
18962248820
13739162023
13914918929
15250388186
15736705665
15051708063
17723893302
15139889468
18550580736
18851737578
15950962996
13323795926
18015675636
13815297360
18013293855
15171344231
13812871122
15950961257
18962476927
15151575136
13962463783
13776263604
15062768661
17715911511
13276503638
13962292825
17351133101
13915681194
13776248339
13915696355
15950951593
17351255333
13914916778
15262320864
13812870039
15151592800
13862268412
13812980295
18921978809
15370364915
13862236752
13701568350
15095894332
18136985869
18405297523
17715171071
13962281265
18852951779
15705117912
13951135318
13584453812
18261850882
13584440023
13812846625
13245470611
15151593850
13921991054
15151590986
13773241370
13338679220
15895594878
15054079088
13913615007
13451573520
13584462028
15651875637
18606280780
13921988105
17625536867
13706228069
13073792013
13962281043
13812854987
18722839861
18013199591
15961436965
15751811521
15851606341
18549933890
13773232705
13862228420
15150258235
18506242561
13776261212
13773269130
15950962926
15651687256
18549984499
18962241007
13862201931
13584438986
15250364538
13915686448
13962295806
18861830985
15189712562
15895477573
18305103595
18950519037
15263040187
15262305857
17660394678
18551270405
18094279510
17751182328
18348368041
13952442191
17372567926
13862260603
15051718185
13773269232
13731578215
13812867382
13812981735
15950977198
13962475110
13862907306
13915672681
15566288102
18261871660
15962387793
13601562020
13004530960
15951186618
18994359019
13812845020
13915465009
13812855683
13862233374
15301568653
17351267556
15215113881
15250398321
13921983956
15895691620
13862209383
15950964279
18913602306
15951183864
13739169865
13584439269
15298803308
15950942133
13405602273
13962258190
18962458721
15162350458
15850390949
19942080430
18962271488
18540132105
15851629196
13773226269
18962450676
18962207617
13921953628
15851620821
13962279593
13584452065
13358036775
13773286390
13584454965
13773256921
13405291575
17802611339
13915471791
18962250100
13962297463
15150226610
13962477986
15162321894
13915671656
13812995516
15962395968
13915705747
15150243831
13773263927
15301563001
15151564998
17625622069
18551241349
13773230593
13812989415
15962345707
18962247828
18962259250
15895696931
15150239610
13962234456
15851406043
17826340773
17640450728
13862210765
15250392182
15806249631
15599011421
17798617727
13812841797
13962284506
15995986011
13862235313
18551247214
13584597115
13962472682
17715581956
15250384909
15151597053
15895682996
18550493525
15162532785
13962214797
18262691816
13812851522
15162359329
15062469110
13913291778
17863205526
15162323376
15895680764
13812875180
15262331748
13812872634
13773266906
13921997590
13004536905
13773298153
13694126071
15842317302
15151592682
13915675483
15962341932
13584453989
15250372689
15358896177
15950963369
13776251981
15950945251
13913295464
13776279873
13862232315
18351126133
13301563225
18856260353
15262305137
18963691727
13921979656
13753326847
13773262682
13052838646
15921455248
18021230905
18945050296
13584462286
13092638692
13962280062
13773271159
18962246521
18621600049
13854426131
13812872568
15370372073
13921969079
15262317281
18906241782
18556899801
18751150240
13584485185
13962466139
13812855353
15851616701
15962383035
13914918565
13913610518
13004531658
18796837190
13915716344
18915724551
13812980221
13368430405
13962208563
13773297619
13862221762
13771851370
18915712393
13773236930
18796831260
18451390215
18018116313
13862220189
18962451990
13921972384
13372137931
17602287956
13584481655
13915716218
13773288017
15150201399
13921966857
13584495911
18565517198
13222000478
13776245851
18962260890
13390839150
15062503556
13773228685
13952442204
13962465891
15150220716
15062501923
13584444721
13915466820
18816971197
13773296092
13773271805
13915709574
15370769691
13584499702
13913296406
13584441679
15298810514
13921996067
18136127030
13962453975
13921974489
13921982117
18962290799
18051838368
17826263057
13739160130
15851646797
18913613281
18112693170
13773285909
17855561633
13915700757
13773294801
18962214058
13616248830
13035086630
13773294896
13812981955
15851621002
15150212022
18915676865
13962236259
15995995590
15050170517
15370350795
13584480990
13962213806
13914908681
15150250680
15895671812
15150237036
13584498513
13921994705
15150251528
18862626206
18921984961
13584460939
13862268353
13525672357
18012687202
13915728976
13773268479
11782634078
15895690084
13773222892
15150234510
13913611699
15706246875
13915673591
13160138976
13962242911
18051868021
15851607127
15962362471
18206240030
13584499392
13962290932
15962359831
13382536643
15162369062
13951131126
13913299629
18752197934
13739147953
15962389379
15962342150
13862269557
15962345670
13372137569
15236800563
13862239034
13921991963
13373791163
13773292649
15092755372
15050307299
13706224198
13601562135
15062515975
18094288788
13812844088
18015674339
13921986585
15850391877
13914901806
13584456856
17372560681
13862239882
13915712863
13913290405
13915710375
13921965072
13962469743
18013296191
19834534532
13773293169
13338673201
18962227925
18962231031
13773235112
13915720958
17751180464
13962206241
18266099721
13962204124
13812876313
15962343129
15370319791
15162324808
13962451967
18015526573
15950969700
15062507192
13218135475
15162331051
18636013738
13915673909
18015677008
15206247077
18913271506
15306240360
15151564015
13962200604
13962479443
13584439262
15951183014
15370391138
18086706218
13962242544
13921990625
17751189227
13921973931
17751958055
13962202768
15950974121
18921979373
13773261984
18006247937
15298801194
18696096974
15851613200
15262324515
13376320316
13915465702
18962215915
15150236817
13776251755
15962341800
15501683502
15950963549
13776248551
13952447519
18013614391
18534253299
18921987643
15262301546
13812859706
13915722893
13812846518
13382130136
13921981467
18182938042
15250373009
13773277872
15895591178
18550831141
15049294715
13962257966
18151582929
15851640655
18900618975
18862669211
13584489175
13584456166
15151593693
18773326897
15895674290
19821245529
13812985256
13921964944
18020236170
13921954539
18362209121
13328034685
15151588003
18962205687
15366262822
15151592392
13773269682
17791676760
18662233332
13913611692
13776268088
13506220128
13921958071
13584494333
18751179562
15062511582
15370383168
13962465529
13804121838
15302731066
18036123256
15851610378
13358039351
15150230329
15162361458
18550107530
15250372355
18915720819
18015521861
12962269994
15895590507
13812861562
18855466412
13962260959
13773223403
13913602766
18962265071
18952442172
13915675300
18913295429
13962297086
15951187713
13921972059
13862205107
17768071125
18021648821
13921982602
18403552887
13584488139
13606223429
13584431490
13862268870
15262331067
13862212865
13962228496
13032537757
18013294306
13921971565
17733380980
18751177148
13952445705
13584429005
13921959102
13812877453
17751185135
13962207839
15150227205
18013151363
13584472776
13862268712
18086705702
15062470226
18913297249
15162343390
13915683680
13915699513
15950979639
18013623289
18361555212
13812840114
18351701128
13610650652
15250352599
15895590713
18013290225
15051702942
15950963099
17351269925
13812987850
17306157996
13401478275
15006245074
18921965970
13773257223
18352008220
15151595539
13962225582
13773263408
13218973015
13776255507
15995992461
15051709939
15136476081
15150222370
15301563586
13921972108
13862205744
13773254617
13151823503
18952447077
13952440330
18036120298
15250392669
18151135215
15151572778
15250399776
17703981728
15950969390
15150250833
13701564161
15062515541
13801567579
13915474435
13915682521
13345619729
18906241811
18662237469
18094263152
17601408423
13776276200
18262694100
13812870566
13915680483
13921997284
18261869897
13773239217
15895697975
18913606916
15151582267
18262698669
15062511871
15262307860
18118118372
15851606529
13773279139
18751197603
15306243886
18013780591
13812857388
15306242311
13151197283
13776249176
13962230910
13962289806
18351700161
15150258906
13962287439
18936129996
15150231101
13812857056
13962284093
15036951660
15335281191
13915690139
13812847189
18656629733
13915686174
15950963269
18914908195
13773234735
13913658020
17351296391
13915727623
15162345625
13914903739
18915708305
18101555791
13915700109
15895684709
13773293568
15358420839
15895680912
13815296966
13962243305
13915726501
13584480202
15162361061
13812876894
13921983832
15051751534
15006241868
13915706032
17802610162
15162335024
13133260480
13013832193
15051708206
18913613540
18915647207
18114413603
13962289715
15370356181
13915701412
15962343136
13584473886
18914919444
17751181613
13618150698
15150247498
13962294691
15950963148
13921960023
13921985485
13451570689
13914910041
15850391097
15862626113
18769272841
13915710256
13915711101
15950953616
13913618822
13915467182
13601567346
15366269019
15250309466
15062503498
18015522126
15851618168
13773284738
18962460383
13584459033
13862269604
15151561826
15152336725
15150236109
13372132895
13921967953
13338035120
18262610569
13921042461
13930071991
18015529233
16606210855
13862230418
15851634288
15962372935
18962271681
18651126303
18856201703
15895675761
13812999362
13222231304
15116461639
13584437562
15298808156
15962390217
18021641280
18021232130
19952798702
13921983011
13372138821
13962474820
15850398448
13915694061
18914963019
15262305398
18013297619
15895470351
18261865496
15962389550
15150211674
15370331997
13812879787
13915692591
13921994215
13773295597
13962227699
15150227659
13913612982
13862413705
18914918616
15995598888
13812847026
18302144087
13962298570
13405613593
18962459582
18913292933
15370364105
13921982831
13962473753
18962476608
13915476534
13915728875
13962258106
15950978223
13739162398
13862227038
13584435033
15962473658
15895696586
15895597719
15904920327
17372550331
15150219780
18962066635
15962362825
13390833603
15722605603
18914906812
17372819915
13921971949
13773258711
13295133290
13776262804
15162363892
13151198902
15150217976
15962345571
18013638083
13815295969
15151582303
17601458600
15850395228
15962349770
15895693547
13363577962
17805052233
13806223507
16651130431
18697560683
13915725890
13451574246
13962269805
13338675785
13913298577
18913612390
15895689590
18262698681
15262308567
15842027160
17751650286
15851623531
13962476126
13601567575
15151597289
18013633233
18852982230
13584482601
13914912813
15950942996
13921985961
13962223784
13862212864
15051705848
13915461860
13338039425
15151580796
17754925167
13913617131
15962381665
13812843686
18706249521
18951130619
18013615528
15150230982
13962245225
13773261549
13062800001
17793869550
18001568235
15962362803
15962362165
18662233443
15358890024
17751271181
18751158521
15962372289
18100680106
18114777875
13962226852
13915478372
13962225028
13584489816
18625133509
18206245260
18921992972
13584462350
13962224403
13921980105
15162322598
13812840061
13584469299
13915477098
18013291963
19962826242
13773250087
15306248681
18549992387
18796839030
13915698486
17751255199
13913610147
15851623860
15151579179
13951136657
18862662292
19834536929
15851632593
15162366280
13032539522
18861855680
17339815252
15862626195
13962460887
15151579083
15250398505
13915704514
18862665221
18962298935
18261887634
17851511681
15995980823
17768060902
13812999269
13915471197
13952448917
18013611486
13773269028
15962584709
13921966115
13962286546
18205061066
18625235921
15895680790
13952445522
13812866269
13773223751
15851631510
13773292553
18013090099
13706224518
13962293252
15950941961
13812982410
18015690032
15950952932
15250387073
15850394900
15720675731
15150243395
13584472580
13951137458
18118118382
15151597525
13962455545
15962366316
15250355677
15895598172
15950940991
15962379860
19962119309
17607900225
18261887113
13921982643
13584420579
13812851106
13862241189
15162320597
13976263591
13951130609
15895595259
13962468440
13776273650
17358230602
13921957349
15250353755
13921995997
13915697109
15151567983
15262333728
15895597738
13776259050
18051865379
13801568406
15962478090
13584436750
17351287305
18206132530
18813122875
18051850801
18913607791
18811769332
13452767170
13063730329
18550131513
13063839109
13578668435
15006246635
13701564062
13451570737
18362218006
18751196551
13773299215
13812996566
18151132292
13301566106
13815299605
15150258213
18962226281
15151578466
13584496585
13773268286
15151586931
13732638972
18136123527
13372139572
15895682448
15851628861
15162353523
13405295016
13301561266
17625331368
15951183720
15151562867
17714290850
18951135677
13862232636
13962476561
13812981272
13301561489
13962459281
15162360233
18235807057
17351252981
13962257098
15262518312
18913291326
18913291326
18550825105
18341283693
17625740958
13915701368
13812850358
1995119673
13584479265
13962476178
13962201062
15298802821
15751810381
13962205096
18625131711
18913291326
18913291326
18260453201
18205060669
18306122679
18018150165
19121902016
13814553073
18001561316
13862221106
13776260292
18098862962
18913291326
18862229552
13584432760
13739162313
13451586675
18706245521
15250391353
13951130572
18011150556
18013298661
18962203861
18051877261
18013092909
18261872499
15298811300
18112683639
13952442690
13962243293
18915698715
13915678384
15151811338
13919290312
18915715120
18051830195
18962229819
13921992418
13593415118
13915677235
15862616825
18962208526
15162326210
18015696234
15222670328
13013838979
15962360908
13606220303
17687909440
18013620502
18951130282
18962275900
17714353830
13812870921
13962283112
15895685828
13862269311
15151583123
15995992218
15851642556
13862225489
15151592536
18261851763
13915469762
13451589198
15062472671
15906243107
13921999358
15245788896
17715176604
13915714780
13915474292
15950961810
18921987125
13584455315
18051862789
15370389197
13606222608
13951131045
18915707873
18018151818
13962222135
13812856199
13979714897
18356675351
18106243811
13773282034
15850244734
13584464310
18094266398
18355787283
13812986097
13921978217
13913610243
13921990736
15151586378
13921960292
15962341595
13915716728
18751155819
15162368492
13913295684
18015696024
17395965533
18962262533
13962206206
15895596876
13776251719
13773241948
15262302996
13616241120
13301560824
15051715198
18751186201
15150251755
18086708963
13962456023
15150258335
15301565972
15851643727
13584473790
13776252554
13914908573
15951186926
15962471550
13382531942
17372811023
13862263214
13915697916
17339815122
15150215381
15951183230
13773255152
15151563941
18962461280
15262300962
19526702630
13921953123
13862202690
17372575801
13584458573
15862620126
13812851406
13773226024
15162367513
17751186045
17625508241
13773220903
13601545264
15150210811
15250390626
15250397311
13962242920
13451579565
15006240391
13962203453
15962470242
15730604457
17150513398
13913295959
18962458952
18205504585
15250387282
13962263291
18252812374
13739162581
13932007239
18168719599
13739464423
13862228439
15262323650
13773245226
13597867804
15950940379
18921952057
15151585528
13921994612
18015696402
13962220451
1599599144
15895598219
15150253369
18013293712
13862225465
15851619505
15962388736
13815299876
13952442636
13773285053
18751183183
13962234431
15962340156
13915478607
13584486399
18021238733
18963697015
18962455237
18018112362
13776244863
13584451062
13915709324
13057433721
17625725636
15250399310
13962257006
13962245293
15862628547
15358439959
13382537180
13405617017
18915679573
13915676407
19951577324
13812862355
15862611401
13914910979
15895693531
15895685603
15950950611
15853053267
1525069849
17768066251
15262318719
15162368685
13584428168
15150256009
13812847062
13914904750
18936127863
15951182504
13962461573
13812848156
18036125758
18625386127
13913292046
13962220861
18751192313
18018155183
13160135713
13921959950
18351696444
18800671647
18921979663
13962278459
15851633380
13616241739
18936122215
17621503156
17351290785
13773251089
13862228428
15851637936
13862233656
13815297495
13962272763
17306161529
18021231956
15501647276
13063833317
18205050066
15945444467
13584420723
18261286820
18051838695
18915675362
13776257250
18914905519
13915479002
13921956159
13921981293
15150230330
18652433179
13862219851
15366266736
18952441301
18921965920
13921959905
18086709026
15262304175
13962225630
13913610136
13962270015
15301563103
18962250826
13921961079
13812844636
18913296776
15054795389
15149094740
15262328351
15962387680
13773297993
13013833061
13812997470
13301562133
13962264691
13962241205
17624209176
18018155587
13773259357
18015516510
17625307057
18118116505
15139837647
13962264976
15151583966
13962253150
13285130243
13706229399
13773285869
15962384484
13914913881
13915721922
13962261789
15895689160
15950944598
15062503011
15162350868
13862217580
15309442593
13773060967
18015311326
13052836196
18915706055
18094286912
13921962416
13773291002
15250356911
13812840586
18018157792
13962214593
13962218159
18751179668
13812858107
15162329959
18018156118
15950955004
18796812032
13915671925
13776259046
18136127330
15306249959
13370704531
13962295883
13584423862
13584455056
13773268027
15062507705
15995992581
15962376599
13914906595
18751196102
13773264884
18187804780
13952440639
13584433307
15950942072
18362206790
13915674505
13773241012
13773233541
13814800891
15298819179
19906151597
15051702895
15862618127
13962289665
15962368842
15895595286
13962267507
18962294515
15150222387
13962474189
13773252848
13862268419
13584496768
15162341757
13466217425
18915671375
13165616961
13914904148
13962239246
18051130227
13915477813
15851621405
13773235677
15161874951
17339815318
17535160571
18936127530
18020246826
18550030291
13951134504
13773234159
18751190581
18913612602
17802611709
15051701570
18626018701
15995997245
15250368152
13913601132
18914911813
17657359982
13913608382
15568007736
18013627167
13915708279
13962242919
17802616723
18751183101
18921979685
13776255094
13773281515
13584435639
13906326054
18519837255
15851637973
15366269421
13773279257
17312557853
13962455705
13584423268
18796832726
15151572134
15705170372
13773252193
15366255865
13222237336
13776245652
13862509568
13812873145
17372563982
17641240597
18796822663
15250391913
15995991656
13915465121
18725878835
13773237865
13914906731
15995993490
13914905058
13773263632
13962209815
13921962807
15806249182
18662234316
18013603866
15962382195
15862625748
13079910662
18094277144
15051713932
15117806343
13921992406
13914916289
18261852171
15850393610
18006249827
13706226005
15306245960
15051706577
18936735551
15370390342
13773278068
13962233256
15262332489
18921979051
18962296848
18030990662
18914910221
15854733448
18952444989
18021647301
15150203412
13962456510
15962390731
13862203235
13921979269
15962355590
13961659958
18018127832
13862234348
15262301063
18921995386
13584498392
13013930098
13773265347
13915678182
13862234051
13962208932
15298802018
13913296058
13921956096
13915708797
18405290843
18206241393
13962223089
13584489921
15962359081
18914034340
15950949931
13862264552
17714290970
15250376721
13913295257
18751182764
15851612808
17851515193
13914912102
15962369720
18913609381
15950971051
18086707488
19962111839
15962366532
15162339121
18921951520
15150258259
18796820876
13915721566
15962398659
13962290523
13862207588
13915722467
17896835965
18852959515
13706223685
15895595225
13358037618
15262322237
18751157076
15162323775
17714290062
13962294749
13862215940
18051118659
13962457020
13812998608
18261850623
15851614680
13815496411
18962275805
13812863106
18551798698
13913170997
17671144586
15851637618
15062506048
17506181850
13913297260
13962457320
13921978062
18051136072
13773257315
15240895875
13776251355
17788161103
13401470212
18549813414
15262337951
15250396276
15803978324
15962350950
13151198888
18261861129
18962208793
18238239621
13773237230
17849883186
15895594689
17681368139
15162679102
13815290622
13584458022
13584461908
18751187157
13962250158
15962384961
15250352311
15950955255
15962376754
13962272909
15851618917
15106241498
15950958231
15851648882
13812985637
13921960061
13921975070
13606228617
13773286607
18921976011
13776243603
18392380376
15162353593
13739160785
18362219616
13584475896
18962273291
13405145622
13915708734
13584458983
15250356715
13151635439
18015479319
18962279325
13862229569
18015520918
15962376759
13815293155
13862233682
13773280646
15162350818
13806227180
13405299109
15962361136
13921996604
13776269714
18915694310
18915706939
18962217715
13773258087
13962278590
18994358757
15250366796
13921959721
13921957626
15722593985
13915461969
15106245899
13773232035
18921987073
13921962702
15851623192
18015524886
13812845941
13584433977
13915712744
18962256617
13862218682
13773223553
13812996138
13962236314
15862618359
18112750093
13962261009
13914917303
13092631265
13962298806
13506228906
17794127996
15962369463
13915681557
15962389307
18962258153
13921992925
13773229612
18994349606
13962472043
17614710928
18751176450
13382139982
13773266229
15051708966
13962268212
15162361955
13862265291
15716244019
18735790408
13913604612
13913606012
13862220818
13913605955
13862202135
13776276700
15366267032
18015698216
17802611121
15950944338
13914909168
13584442348
13862209931
13952443653
13812981845
13584440763
15895678126
13962245365
18962283379
15370368668
13584498806
13773298578
13921952340
13913611505
15950975318
13921978173
13773288753
15150222933
15851613392
13915725623
15150218852
15250358691
17372595125
15262315852
13584480306
15851629859
13915726045
13773250420
13773266730
13205132391
15162345732
18962441835
15358890264
13921990435
19522789016
15151579034
18260311603
15250353241
13601569281
18962259871
13921988143
18329111709
18013294570
15162352638
13401479522
13915727425
13547239007
13584455846
13862238907
13962280203
18962250269
13301568459
13962458632
15150245105
13862218681
18952448679
18106245371
18036125400
15851608173
13773290905
13773276920
13815296212
13915726107
13962211508
18205056829
18550792281
15358893230
15162337379
15151570221
15162330176
15763789988
15851648732
13913610152
13862216933
17751186203
13913603121
15706249907
13092632888
19952793727
18962274835
15370398836
13962218560
18020236141
13915725960
13151637875
13584429486
15150220343
18912750236
18913295091
18206166980
15851632546
13715291397
18962275870
13915677536
13921993123
13915681659
13338679067
18915721659
13776253529
13812856516
18118113218
18914911209
18118489995
15150241749
13601569833
13995138427
13773235303
13773227459
15150248163
18913613525
15995989929
15301561995
15250396474
18915472734
13328034112
13773276301
17706136505
1370150181
13914916971
13962200414
13643480545
18021642959
13791486231
15006241380
13584462757
18002327214
13913605808
13862223301
18762423098
13773292968
13584484719
13812995842
13700797737
13812982447
13862261641
18962259782
13951137122
13913603579
13962280895
15962351093
13812845082
15162336526
13372135183
13812850310
18550003597
13921983853
15995985106
13402689750
15306246282
18751164220
18015685380
15950946656
13915700213
13962217644
19906150926
13584489183
13962464863
18051838198
13862237680
17372556256
18351695650
15358893758
13962455020
18013159267
18262694190
15062501219
13405291619
15951185299
13812981917
15250932154
13584496593
13151193389
13776242089
13812989069
15062478283
15962399582
13915472624
13506226833
18118119185
18468168736
18112670690
15862390086
15950969841
13915674301
13584458839
18306117916
15358897898
18013291992
13812862605
13115118222
15995988218
15370789330
13962280753
18013291859
15150253611
13812865985
18362216568
15962378806
15162359635
13773233909
13584490229
15162362341
13962256581
18915695201
13356076840
15895598922
13776279322
18018151100
13862260905
13773275044
18915720689
13773278463
19951327573
13915715735
15895596535
13773255803
15952225620
13962274621
13812873405
15950950811
18962253439
15370381722
13862209974
15370396896
18151590703
13915721510
18856222582
18962226707
15206249267
15250353750
17802617129
15358428339
13073333082
15370396250
13776258627
18962276008
13915476994
18921956621
18862662316
13584452498
15150235052
15906246792
18915470756
15962397090
17714299582
17751190520
18018119613
15895699131
15062502377
18094283950
15250384885
18555053017
13218136137
13915703064
13915462217
13921953278
18136411027
18952442226
13337830203
15262313672
15051711082
18205059609
15906241640
18913617072
13812850945
17712238845
13962212545
13119435658
15062515055
13952448103
13063830845
13773220663
13773270536
15962381518
17351281315
13962204628
13952441660
15950943752
15262335929
15895693663
18118110127
15162328876
18737258213
18915715037
15962371863
13526574078
18994357400
18013293965
13862213804
13776268201
17602265281
13962202380
18751198221
13812984250
13584481689
13933676825
15370392705
13962213426
13962210450
15995884722
13915707764
15962376131
13962451912
18915470698
13913612459
15262300549
18551234581
15162348915
17861654848
18261875586
13962230659
15720678966
13962465008
18089368506
15722608835
18015529257
15250393225
15950974948
15151582595
13915702575
13584472358
13773285448
13354444940
13962246503
13962472432
13776268385
18962250229
18118166336
13739167011
18261863956
18262697373
13812873021
13773262143
15962372612
18751186020
17372819909
15850390850
13951134811
13915708032
13915670973
18921976319
13962214108
13776260398
13962212125
13921958405
13773223957
15150245171
15151592510
13584451315
15950970248
15862618266
13915698392
15262336880
18550527190
15151588816
18261857925
15171371376
18736504506
15962360968
17802617127
13915468252
18662632331
13584433150
13862205270
17715585860
18962299592
15962396429
15306244796
13915685540
15962351780
18936125677
15262309621
15851621872
16651141714
13862228661
15950957502
15162368041
15250352100
13962460416
18921985081
15250371918
13773239695
15618715871
15950942215
13915698013
13773242663
13915726341
15051700336
18962264820
13584464118
15698998297
15895678305
13776005223
17826265636
13962293012
13962298103
17372558032
13338677579
13915701356
17768029717
13915699586
13773257819
13962232906
13921972846
13409909768
18913617692
18962254931
13405292870
13962467103
13862266173
15962345657
13182638577
13915693359
13862212961
15851606450
15851602477
13776249033
15951181185
13915721109
13812865703
18362217783
15150232656
15262320565
13962455525
17585606823
15161464925
13962285898
18051133896
18914909161
13063732292
18951139172
18112693196
18915725759
15262312616
13776273219
18921969863
13862216730
15962353710
15951182077
15962377451
15151576828
18695982165
13812982285
13915680128
18962271007
18205052884
17701541134
13405290181
18921988287
13915708236
15895670195
15150239810
15150218339
13962211015
15250388711
13812856575
18015681307
13041871106
13773221459
18151784885
17714293397
15151590488
13915685818
13815292820
13140831376
13952449122
17751198310
13451586313
15262301082
13862219231
13338675739
13962278040
15849645438
13913296727
15150213003
13773220848
13915672577
13962211699
13773253421
13915706977
13801568273
15962384028
13773238160
13962213993
13915865114
18921996137
18734796079
13862216580
18912657878
15851611570
13584496360
13913605606
18013629579
15995992359
13659832891
15162355736
18915702879
18261886034
18962245008
18205060120
19917999719
13773220889
15358890856
18915689700
18813638062
15162357912
17339810788
15366252306
17751206279
15962801559
13913601479
17358230762
13812983712
13915683710
18261736651
15151706240
13862263435
15150252718
13962262746
13915694180
18914908150
15968619933
13915461930
13914914543
18762424488
13773283006
18662635503
13962272872
13776246213
13701569904
15162368160
13739166530
13951133070
18962260617
13921984089
15250397936
18606283163
13606222956
13776249380
13962272983
15961153587
13921983422
13218672285
15366254766
15358892145
13656234058
13773281569
18952447007
15152642323
15895691908
13584431106
13915694912
13382530100
18137619828
18114600391
15237716735
13773267381
18101599662
13776062332
15051716232
18136081387
18251829407
13913294241
13915708827
13962243997
13773243131
15062508439
15195654325
13962269472
15150218134
13773262379
13812993257
13812993295
13601561273
17625805556
15262336218
13372139757
13776260573
13812864238
15262301845
18901565675
15250363650
18915702286
18018116199
15150222519
13914915549
13962228544
17351265096
13801565468
18535415888
18921993027
18013626385
18015684079
18914912190
13862260983
13862215862
13812872989
15262301507
15162321915
18751163932
13962209825
13701567074
15151592620
13584468995
13773252294
13962240860
18913611511
13584437530
17362126480
15851624565
15501639893
15962163062
13921999989
15950965383
13182633157
13952446905
18261853525
13255139055
15950948953
18550136250
15950952864
13773268080
18351709875
13915716375
18552192362
15695537221
18921975885
18118110469
18994358827
18751182787
18762423520
13115111397
17715178936
13962268219
15950976101
18862619599
15834286543
13915477627
15851603971
13915697311
15262335382
18963696067
13812863648
13506227891
13338031295
13773280117
13584465675
18015474051
18015672157
15950957232
18206196685
18606240481
18914919690
18921967716
15962470171
13915478890
18362982736
15294202107
13962291230
15051717277
15950962596
13921985965
13962249970
13213167898
15950977110
13776271248
18118612056
15962390219
13915689228
15151596831
18763848211
15051710855
13962460920
18115533199
18799682931
15062513650
13390892168
18086705269
15950943056
15962345921
13773263215
15288042804
13921976215
13773226841
18305151536
15962380476
13962266083
15851630752
13776266818
13915677103
13584439653
18913293021
15995996087
18550136396
17339815233
13952441196
13962255069
19942081612
17798596786
17715195257
13962207408
17372553272
13962268174
18136983317
13915694807
13773271912
15862629703
13915711905
15150243309
15962381203
13915703185
13962253608
18015478510
18262693408
15895693484
13913299814
18762954676
15962473882
13915709507
18751160726
15365308160
15262322066
13773269094
18915428879
13915718954
13921975326
13773264234
13921959541
18962257176
15851621850
17372811181
13862222102
13915466507
13584427255
13921968214
18706245795
15006243650
13915696271
13773228316
13962293345
13921970387
13915460236
13451580929
13773265597
18915722292
13358034589
13390836806
13773243408
15051710648
13921981211
13962453713
13962220203
18662636265
13812867177
13962259151
13584486459
15950973270
13812859161
18863763742
15162327661
15150233801
15150215067
13776262053
18852443519
18888955661
13584438803
15366263583
15150224086
13862229860
17339894318
13584469068
13584455197
17625324605
15151585718
17625303108
15962399162
16606162926
13913617882
13921950745
18921982029
18112693912
13205132100
18913616998
13812861153
18951138231
15150230661
13862263953
13962295079
15995985711
17826340811
13145036209
15642243290
15862624455
15851609060
13915716925
18921987081
15150223286
17351285970
18036125598
18862642853
18751156001
13812877469
15962378512
13205132660
13584488158
18112752002
13584483502
13962256113
13921989606
15151587158
13914902658
13952449335
13776265832
15962362605
15366268076
18796838305
13915717952
13773292496
13921976186
17351285832
13218466589
13886665070
18796832507
13915676836
18962453387
13962275724
15950977487
13218110112
13862219238
18018110301
18136122565
15569978478
15150202016
18061998177
13812851898
13706221662
15151594978
17368020706
15851617551
17339815201
13338036151
13584470305
13773255365
13915702269
15862627292
18001563572
13962249266
18962207699
13306243270
17755105597
19951180924
13915724458
18015685339
13962211596
15895694121
18962247269
15895677214
13915721063
13915467377
15162368955
13913297681
15845522836
17755105597
17755105597
18351246922
15358897756
15962477929
13913608892
13915678496
13962279913
15262319186
13921971217
18962458851
17835416861
15950961203
13921988203
15162350903
13815294265
18550946214
15851642826
15295379115
17802611712
13962205567
15150219146
13915713526
15895679871
13776241848
14752008132
13921972491
19952792250
13222232868
13773280496
18551235790
18086706306
13862210865
13773227572
13921964002
15262337275
15610301030
15751810601
15151455084
17798697802
18962296948
13338673956
13862206921
15162353123
18921985893
13451574372
13915719987
18651135570
13812848926
13626294674
15851618859
13306240428
13915700707
13915711521
13629726952
18551004718
13915715121
18086708907
17755105597
13812998845
15962476069
13962284212
13812857181
15862619186
13584454896
13862235790
18734907067
18086706590
13915676832
13915463697
17768068409
18914918515
13358037298
18114775506
13921985230
13921982850
15995991376
13773261139
17855368070
18114600630
17802592539
18013603808
17751284752
18015692859
18651122617
17372550605
18962251350
15250363286
18550870568
13776250913
18963694447
13915675194
18020237891
13914913817
13862201917
15370379891
15162348652
13951134610
13773249592
13771677847
13451581982
13921998035
13906249143
15851610347
13506228793
13812987065
13862207521
13773298027
13915708372
13584485836
13584483098
15150236280
15150228876
13773228913
13812989533
13776273628
18921962272
19942085081
15851637121
18915722153
13616245616
15850393461
15962350675
18963677502
18051139008
15895691810
15151747613
13776278147
18751193581
18962280226
13773227894
13512878863
15248647247
18963691927
15150205119
18550235171
13862209789
13915723835
15950946653
15950977596
18341274939
15301566375
15150206612
15962382226
13052839170
15895696169
18751187535
13962294268
18913601085
15851622683
13952444300
13776261817
13951139955
13915466201
18795912806
15370355687
13052833704
13915693843
13584433118
13584454078
13913617391
18625231766
13777940211
13402911617
15751810190
15250668078
13921952302
15862611881
13358030196
15950963053
15950958526
15151580279
13915022198
18136121605
18952417687
18112686788
15962362703
13451577621
18205066175
13921967584
13913296855
18262690199
13776271079
15962371130
18506105507
15152722986
15862620897
18205052824
13382538539
18915728612
18751165580
13921970055
13584406510
15862624794
15895473599
13584489034
18747196882
15151571066
15851619342
13962259099
19951190237
15995982869
13338030978
13962274386
18261885303
13862207330
13606225219
15151574668
13862219824
15162327184
13773268912
15851616405
13179638253
18036129213
15895672074
15895678995
18962238388
15962358108
18051875091
13914903912
13812843839
15152688621
13962276136
15851638958
15962365160
18962218075
15850393143
18913297810
13962294744
13776265180
17751250435
15950949630
15895591848
13771583460
18006256195
17372638225
13915676727
13951138361
13584429132
13962232689
13812853987
18015678182
18751186348
18952447361
13962281332
15995325188
17372568102
18625023490
15851736306
13921969972
13584465623
18360954137
15851608325
18021231936
13052833566
18921979295
13812869179
13306242162
18793411265
18862655528
15851634365
13584441130
15150206021
13915722960
18915713760
18551189917
18136770501
18015698781
13773281627
13663974346
18915709932
13962228218
15851626207
17826175933
17339815239
15037585225
13952442017
18852986809
15250358064
17625629300
13962266872
15962384450
18051850357
18915681196
13151195515
13915699698
13773248339
15895593448
15950978215
13358030629
18151134561
15706242376
13915701755
18662230399
13584437623
13601562129
15370359660
18915683018
17625650220
13962286441
18921957086
18013296761
13773252970
15151591761
13901568148
17609302728
13962269589
13914903851
13901564377
15370392829
13584467819
13915676810
17751245220
13915680190
13913615669
15950969760
15895685113
13773294560
18915723195
15150215230
18962209227
13616244629
13063835960
13962268956
13862230663
18915692029
17792829707
15895690460
17327709080
15250398599
17802611335
15962372705
13962277074
13451580531
15950979721
18261886749
18261852854
13616241833
13921998073
17849880313
17339815261
13601563244
13073339320
13962469879
18913296745
13921968150
13862233408
18020231220
18550131588
15062516535
15962386861
13962264181
18915707836
13601560640
15261653018
15006242783
17306163762
13914908318
18261858808
18751158137
15851621446
13776240826
13915473579
13776273249
13962217697
15895593103
13812856757
13773229741
18706248210
15262330768
15950978139
18913612283
13915693266
18921969236
13862206992
15152012354
13962298625
13812852756
18362423289
13914905765
13921965989
17372588357
18366787757
13812853653
15252460274
15862626272
13962297187
15962382804
17397924889
15706243597
13913600720
15996103004
13921982384
13584485165
13915727585
15995982072
13962479796
15051701087
15950966645
18013298272
15683941300
18506244797
15366264791
13862205422
13773239146
13862266398
15162356189
13962274020
13773233828
13915471376
13915676657
13812860900
15262661640
15895595841
15862616689
13815679970
18751169315
18018110998
15950953343
18913290208
15862623078
13915680514
18913600631
13773289196
15962475952
15715240846
13331506970
18051834651
13812878937
18852449175
18915722833
18862222684
15250374568
18915682880
18021239707
18914918976
13606224913
18112752766
18914913879
13773234030
18006249516
18018116325
13915476567
18120097963
15370386846
18921978836
17306156699
18751169986
15051709316
13773273878
13812850220
13606228946
15847266210
15162349869
13812878345
13382536029
15150253096
15962382569
15298816025
15951183740
15895695483
15262317271
18913618880
18651134625
15150250315
13915697470
13913604898
15301565722
13913617386
13952442431
15150227970
13962229511
13962287153
13052835323
18914903852
13962203680
13812984233
15962366086
13915707828
18013606092
18261857917
13773274932
13773241007
13606221845
18549994110
13862265346
13962228563
15062511510
15995980580
13921964261
13862232791
13921963796
13382139406
13862216216
15150222508
13773226078
13862225304
13776272545
15162349780
13962288550
18883325591
15895478230
13862213525
15052091629
15206242308
15950975307
13962218334
13962287421
13915723246
13773272553
17339815199
18262695975
13451580527
18362214428
15262119332
13915688840
13814970382
18036121981
15895593334
18136982560
15895691606
15895592902
18915722982
13962257361
13921993179
17802611683
15051248126
15162366525
15851639529
13506224829
13358034505
15358891239
13962470975
15298817856
18556908873
13962462205
13921973393
13921973393
13962461335
18745611763
17836210759
19906153997
15898183285
13773286124
13776262626
13773247440
17768491890
13584473003
15151585600
18261869618
15262338126
13915463977
18762423757
13914906685
18094288666
13451582521
18374934349
13962240308
18751154397
15162365777
18921953357
13962275144
13962211418
18051836090
17312559692
13915729702
15501516587
13616245093
13773274743
15950945475
18862600720
18118485209
13338672612
13616242715
15162330630
13962465673
18015695316
15962387195
15151598072
18915723637
13921952198
13776268696
15262316978
19956198118
15061300337
13812863816
13328031914
13812857520
13382135739
13218132501
15851608620
18118117239
13915693591
13815298702
15261862812
13915708637
18604963169
13773270831
13812866682
15895471592
13205139881
15962362429
13913295160
13921951175
13921992755
06598307560
13451534068
15162332685
13584466170
18251144556
18952445247
18206242779
15962384395
13405255967
18862676918
15735510838
15962375851
13921991170
13606225183
18913612822
13921961503
18662232123
13171976084
18118483983
15850399541
15162366230
18860874087
18914915639
18962250181
18362214366
13115112372
13776248318
13301563973
18921998326
13584458987
13915702685
15150229147
15851606004
15250361282
13915686848
18921995676
17312162110
17601404529
18086708006
17712489623
13606226482
13855199160
17372631665
13616240626
13915670205
13921965295
13358039248
13706223492
13812860181
13962270794
15250277144
13852456074
15995991510
13382530216
15150213785
13914743800
13338673787
15062513892
13914918604
15151581909
13921952300
13962265746
18351696919
15000222252
13812996300
18913296526
18550858891
15150209239
13921955240
13601564280
13812987138
15162363836
13382136626
13962283159
13915695266
15862620163
13052836980
13301567437
13962294244
13914918910
13962203180
18994356053
18913606892
17715172126
15962397602
15150235990
13921990754
15560289052
13013832795
18796837038
15720674780
15720678693
13915686607
17312168353
13915471867
18796823206
18578653494
13913603458
15995993508
13338034242
13921964451
13921988116
13962234171
13921970244
13812850809
18021640920
13506224657
15995989128
13962299628
15151578805
13776251932
13915716901
17191390690
15106241765
13921956302
13962475359
13921995182
13914910287
19952791059
15290101747
13921992304
15366254531
13306242690
13776270434
18015523862
18254848506
13921982231
15062516291
13962209454
13451580665
13962289053
18261869404
13773260960
15895680694
19962114353
13773274562
15298812698
13962450958
13812859795
17312161961
15951181252
13773260845
13004538227
18523903991
15051708993
17714296144
13962287944
13913605943
13218133908
15895685351
13914906010
15162350712
13862269075
13915479342
13052833630
15262323299
13914915889
13962245153
18118111580
15206248346
13962232861
15250395125
15851639610
15062508273
18914971725
18015679197
18361350039
15150231317
13962201848
17715155141
13205138305
15950978479
13952445992
13962261425
18611004931
13962219885
15720672812
15306236271
15862414056
13915687857
15895677462
13739164770
13962219031
15051708169
18915678958
18895389598
15962475815
13921951120
15150212570
17312456017
13962459697
13382532715
15962397644
18261871249
18751165914
18036122198
13915475816
15366263525
15527597061
13962261263
18018159680
15366251687
13915719168
18662540681
17715179919
13514649071
13962470990
18921976131
13862216932
13913619610
13962225705
15950942792
13301560035
13921970655
13921989919
18306247827
13861923098
15062516921
15161165091
15301568325
13584445603
13405292939
13773252214
13862206631
13815294248
15895696449
13451519878
18112753899
17751183681
13773223247
15150258743
15895676842
18013630886
13776248656
13812999339
13962219265
15962344198
18914917159
13962266720
13812986851
1396220933
13063733365
18856276591
18261884028
13773232352
15051710889
13812875602
18913619305
18018158581
13739160233
15962342603
18261870406
13405618468
13773296369
15962384695
13382139336
13451586896
13815291791
15151586128
18112690295
18018110184
15150251298
19951195215
13584470172
18921977622
13962470826
15501621250
13915585258
13584458819
17751199457
15851605372
15150211240
15862626570
13913615134
